41689767
41689765
41689761
41689740
41689715
41689681
41689680
41689671
41689645
41689638
41689634
41689632
41689631
41689627
41689620
41689616
41689611
41689607
41689602
41689568
41689493
41689492
41689472
41689447
41689430
41689429
41689391
41689388
41689385
41689378
41689346
41689340
41689339
41689337
41689333
41689329
41689325
41689324
41689318
41689317
41689316
41689315
41689313
41689310
41689307
41689305
41689301
41689260
41689251
41689248
41689229
41689227
41689226
41689224
41689221
41689219
41689216
41689215
41689214
41689208
41689206
41689202
41689153
41689141
41688864
41688845
41688807
41688775
41688770
41688757
41688721
41688634
41688598
41688587
41688460
41688417
41688416
41688413
41688212
41688211
41688210
41688209
41688208
41688207
41688206
41688205
41688204
41688203
41688202
41688201
41688199
41688198
41688197
41688196
41688195
41688194
41688193
41688192
41688191
41688190
41688189
41688188
41688186
41688185
41688184
41688183
41688182
41688181
41688180
41688179
41688178
41688176
41688175
41688174
41688173
41688172
41688171
41688170
41688169
41688158
41688157
41688155
41688154
41688153
41688152
41688147
41688124
41688123
41688122
41688121
41688115
41688114
41688113
41688111
41688110
41688106
41688105
41688104
41688103
41688101
41688098
41687666
41687665
41687662
41687657
41687651
41687650
41687645
41687644
41687640
41687635
41687633
41687632
41687629
41687112
41687108
41687056
41687049
41687047
41687046
41687044
41687042
41687039
41687038
41687024
41687017
41687004
41686995
41686993
41686911
41686909
41686905
41686894
41686893
41686868
41686856
41686850
41686842
41686831
41686805
41686803
41686797
41686791
41686790
41686777
41686775
41686748
41686740
41686738
41686713
41686703
41686690
41686686
41686635
41686633
41686631
41686629
41686627
41686626
41686625
41686623
41686620
41686619
41686618
41686616
41686615
41686614
41686613
41686612
41686611
41686610
41686608
41686605
41686604
41686601
41686600
41686594
41686593
41686588
41686587
41686586
41686585
41686584
41686582
41686580
41686577
41686576
41686573
41686570
41686566
41686565
41686557
41686555
41686552
41686550
41686549
41686547
41686546
41686545
41686544
41686541
41686539
41686534
41686516
41686515
41686511
41686475
41686469
41686452
41686441
41686439
41686438
41686430
41686390
41686371
41686342
41686329
41686327
41686322
41686310
41686308
41686301
41686295
41686283
41686261
41686257
41686251
41686248
41686169
41686139
41686074
41686017
41686016
41686015
41686014
41685983
41685971
41685969
41685967
41685931
41685911
41685883
41685732
41685710
41685666
41685619
41685611
41685607
41685604
41685600
41685598
41685597
41685596
41685593
41685590
41685588
41685583
41685581
41685579
41685575
41685571
41685569
41685564
41685556
41685554
41685552
41685551
41685533
41685522
41685496
41685459
41685457
41685448
41685442
41685432
41685425
41685420
41685419
41685416
41685412
41685402
41685389
41685330
41685329
41685328
41685324
41685322
41685320
41685318
41685317
41685312
41685311
41685310
41685309
41685307
41685302
41685301
41685299
41685268
41685253
41685252
41685251
41685247
41685242
41685241
41685237
41685236
41685232
41685088
41685048
41684743
41684542
41684450
41684449
41684448
41684362
41684338
41684324
41684311
41684309
41684308
41684276
41684244
41684232
41684207
41684189
41684183
41684179
41684177
41684176
41684173
41684163
41684162
41684145
41684093
41684092
41684073
41684035
41684029
41684026
41684025
41684019
41684018
41684016
41684014
41684009
41684004
41684000
41683996
41683994
41683993
41683992
41683990
41683989
41683988
41683982
41683981
41683980
41683979
41683977
41683976
41683974
41683966
41683962
41683961
41683960
41683957
41683955
41683953
41683951
41683950
41683948
41683945
41683943
41683942
41683940
41683938
41683937
41683933
41683931
41683930
41683922
41683918
41683917
41683916
41683915
41683914
41683913
41683910
41683909
41683907
41683906
41683899
41683898
41683896
41683889
41683886
41683880
41683876
41683874
41683869
41683867
41683862
41683859
41683855
41683853
41683850
41683849
41683848
41683844
41683839
41683829
41683825
41683823
41683821
41683820
41683815
41683814
41683812
41683804
41683797
41683793
41683786
41683784
41683783
41683782
41683779
41683777
41683770
41683769
41683768
41683765
41683762
41683756
41683755
41683754
41683752
41683751
41683745
41683743
41683741
41683739
41683736
41683730
41683729
41683723
41683720
41683718
41683717
41683716
41683715
41683713
41683708
41683701
41683700
41683699
41683694
41683688
41683686
41683679
41683675
41683674
41683673
41683670
41683665
41683663
41683659
41683650
41683647
41683646
41683639
41683638
41683634
41683630
41683628
41683623
41683622
41683621
41683619
41683614
41683610
41683605
41683595
41683587
41683586
41683583
41683580
41683577
41683576
41683575
41683574
41683572
41683569
41683568
41683566
41683565
41683564
41683562
41683548
41683542
41683536
41683534
41683533
41683532
41683521
41683520
41683519
41683511
41683508
41683507
41683499
41683498
41683494
41683489
41683487
41683476
41683470
41683467
41683463
41683452
41683444
41683437
41683435
41683424
41683415
41683406
41683398
41683395
41683390
41683388
41683377
41683374
41683370
41683366
41683358
41683355
41683352
41683351
41683343
41683342
41683336
41683330
41683327
41683321
41683318
41683317
41683316
41683308
41683306
41683298
41683293
41683289
41683281
41683273
41683267
41683263
41683261
41683260
41683253
41683252
41683251
41683250
41683248
41683247
41683245
41683208
41683204
41683202
41683200
41683196
41682592
41682588
41682533
41682530
41682515
41682501
41682492
41682467
41682433
41682379
41682354
41682351
41682320
41682310
41682309
41681123
41681107
41681105
41681102
41681099
41681096
41681095
41681093
41681090
41681084
41681060
41681058
41681056
41681051
41681047
41681040
41681036
41681025
41681024
41681012
41680909
41680899
41680826
41680816
41680612
41680583
41680554
41680534
41680525
41680388
41680372
41680345
41680140
41680122
41680099
41680076
41679976
41679957
41679927
41679910
41679909
41679898
41679897
41679893
41679891
41679805
41679803
41679728
41679714
41679286
41679284
41679279
41678824
41678809
41678804
41678798
41678797
41678792
41678788
41678780
41678774
41678773
41678739
41678738
41678734
41678707
41678635
41678593
41678563
41678559
41678556
41678552
41678526
41678518
41678514
41678513
41678510
41678503
41678496
41678495
41678493
41678492
41678489
41678467
41678466
41678464
41678463
41678461
41678438
41678422
41678399
41678389
41678386
41678385
41678377
41678369
41678367
41678365
41678322
41678303
41678300
41678250
41678194
41678192
41678189
41678108
41678067
41678043
41678041
41678018
41678016
41677995
41677991
41677984
41677980
41677976
41677963
41677954
41677948
41677946
41677945
41677944
41677939
41677938
41677927
41677914
41677907
41677900
41677898
41677892
41677888
41677882
41677859
41677858
41677856
41677815
41677813
41677777
41677776
41677674
41677673
41677672
41677670
41677667
41677663
41677661
41677660
41677657
41677656
41677654
41677652
41677651
41677648
41677647
41677646
41677644
41677642
41677640
41677639
41677636
41677635
41677630
41677629
41677628
41677627
41677624
41677623
41677622
41677619
41677618
41677617
41677614
41677613
41677606
41677604
41677602
41677601
41677600
41677599
41677598
41677596
41677595
41677594
41677591
41677589
41677586
41677585
41677580
41677578
41677577
41677474
41677452
41677421
41677399
41677388
41677387
41677366
41677307
41677306
41677198
41677175
41677168
41677165
41677162
41677154
41677128
41677113
41677103
41677089
41677086
41677043
41677041
41677031
41677026
41676992
41676968
41676935
41676926
41676917
41676903
41676882
41676873
41676859
41676158
41676156
41676150
41676149
41676146
41676140
41676139
41676134
41675927
41675640
41675638
41675637
41675569
41675501
41675498
41675088
41675080
41674924
41674923
41674922
41674921
41674779
41674547
41674522
41674515
41674504
41674503
41674502
41674501
41674500
41674499
41674498
41674497
41674496
41674495
41674494
41674493
41674492
41674491
41674486
41674478
41674475
41674460
41674457
41674437
41674377
41674338
41674328
41674321
41674312
41674311
41674308
41674275
41674261
41674258
41674256
41674255
41674254
41674205
41674181
41674176
41674174
41674170
41674167
41674146
41674141
41674139
41674134
41674132
41674127
41674123
41674122
41674108
41674106
41674103
41674102
41674067
41674056
41674055
41674043
41674039
41674033
41674026
41674015
41673973
41673971
41673970
41673969
41673968
41673967
41673965
41673964
41673961
41673958
41673951
41673927
41673915
41673760
41673728
41673679
41673677
41673668
41673540
41673532
41673518
41673417
41673398
41673368
41673363
41673362
41673361
41673350
41673341
41673337
41673332
41673331
41673315
41673304
41673254
41673246
41673236
41673235
41673213
41673184
41673116
41673019
41672979
41672959
41672949
41672947
41672777
41672729
41672716
41672694
41672691
41672689
41672687
41672660
41672658
41672657
41672642
41672641
41672627
41672617
41672616
41672615
41672613
41672612
41672603
41672597
41672596
41672595
41672594
41672521
41672493
41672488
41672480
41672475
41672426
41672093
41672042
41672040
41672038
41671573
41671567
41671557
41671553
41671552
41671551
41671540
41671528
41671526
41671525
41671519
41671470
41671468
41671467
41671466
41671464
41671463
41671462
41671461
41671459
41671458
41671455
41671454
41671453
41671451
41671450
41671447
41671446
41671443
41671441
41671440
41671439
41671436
41671432
41671431
41671429
41671426
41671425
41671423
41671379
41671378
41671376
41671375
41671348
41671342
41671340
41671338
41671327
41671306
41671302
41671297
41671296
41671282
41671273
41671260
41671259
41671253
41671248
41671243
41671226
41671223
41671222
41671218
41671208
41671184
41671180
41671172
41671159
41671111
41671109
41671095
41671074
41671045
41671027
41671026
41671024
41671022
41671021
41671020
41671019
41671018
41671011
41671009
41671000
41670994
41670993
41670937
41670907
41670894
41670849
41670839
41670812
41670809
41670798
41670790
41670774
41670759
41670753
41670752
41670750
41670749
41670746
41670743
41670736
41670735
41670734
41670729
41670722
41670625
41670527
41670526
41670524
41670515
41670511
41670501
41670500
41670499
41670322
41670296
41670237
41670233
41670187
41670140
41670137
41670131
41670130
41670114
41670105
41670103
41670095
41670092
41670080
41670078
41670075
41670067
41670051
41670044
41670020
41670018
41670015
41670013
41670007
41670001
41669999
41669989
41669976
41669960
41669935
41669924
41669909
41669887
41669883
41669866
41669862
41669766
41669551
41669548
41669545
41669544
41669247
41669246
41669245
41669137
41669130
41668891
41668868
41668865
41668864
41668861
41668856
41668851
41668850
41668849
41668848
41668846
41668843
41668769
41668766
41668757
41668754
41668753
41668750
41668748
41668747
41668743
41668742
41668741
41668739
41668738
41668733
41668729
41668667
41668646
41668634
41668632
41668618
41668604
41668581
41668580
41668579
41668578
41668577
41668576
41668573
41668572
41668570
41668558
41668554
41668545
41668530
41668529
41668526
41668516
41668515
41668508
41668506
41668493
41668488
41668484
41668464
41668453
41668452
41668433
41668347
41668346
41668336
41668333
41668327
41668204
41668164
41668163
41668143
41668141
41668134
41667944
41667943
41667936
41667934
41667933
41667931
41667930
41667929
41667928
41667926
41667925
41667924
41667922
41667921
41667920
41667906
41667896
41667883
41667872
41667791
41667790
41667750
41667717
41667699
41667691
41667492
41667473
41667470
41667432
41667291
41667275
41667274
41667219
41667203
41667202
41667201
41667199
41667198
41667193
41667188
41667187
41667185
41667182
41667178
41667175
41667173
41667169
41667167
41667162
41667152
41667151
41667150
41667054
41666941
41666875
41666874
41666406
41666369
41666341
41666310
41666308
41666304
41666303
41666302
41666291
41666265
41666264
41666261
41666223
41666211
41666205
41666201
41666187
41666186
41666181
41666178
41666172
41666167
41666166
41666161
41666158
41666153
41666143
41666136
41666111
41665999
41665995
41665993
41665992
41665976
41665961
41665938
41665927
41665905
41665904
41665902
41665836
41665831
41665827
41665822
41665793
41665777
41665761
41665759
41665756
41665755
41665728
41665727
41665721
41665719
41665704
41665703
41665700
41665699
41665697
41665696
41665694
41665688
41665637
41665614
41665603
41665598
41665596
41665561
41665556
41665542
41665536
41665535
41665530
41665525
41665518
41665509
41665500
41665498
41665497
41665496
41665484
41665482
41665480
41665473
41665459
41665319
41665316
41665297
41665296
41665286
41665269
41665255
41665236
41665222
41665219
41665206
41665172
41665145
41665140
41665114
41665080
41665078
41665071
41665068
41665066
41665023
41665004
41664998
41664995
41664984
41664973
41664960
41664941
41664938
41664905
41664904
41664903
41664890
41664887
41664839
41664658
41664652
41664640
41664633
41664628
41664599
41664573
41664570
41664566
41664563
41664550
41664541
41664530
41664506
41664498
41664450
41664446
41664439
41664434
41664380
41664361
41664358
41664341
41664220
41664190
41664176
41664164
41664061
41663919
41663905
41663903
41663902
41663896
41663888
41663885
41663882
41663867
41663864
41663858
41663856
41663852
41663848
41663817
41663815
41663806
41663782
41663756
41663696
41663675
41663669
41663665
41663641
41663638
41663551
41663540
41663429
41663428
41663425
41663380
41663376
41663366
41663338
41663335
41663326
41663322
41663318
41663317
41663311
41663307
41663304
41663298
41663281
41663279
41663278
41663277
41663276
41663275
41663274
41663254
